06 20 01 1024
1 1 1 1 1 1 0 0 1 1 1
35 10 11 11 32 19
10 11 11 11 32 01
11 10 11 11 32 01
11 11 11 11 32 01
32 32 32 32 32 01
01 01 01 01 01 01
01 01 01 01 03 02
01 01 01 31 03 21
03 01 03 03 03 03
01 01 33 01 01 01
01 03 03 01 03 01
20 01 01 01 03 01
03 03 03 03 03 01
01 01 01 01 03 01
03 01 03 01 03 01
03 01 03 01 01 01
03 01 03 03 03 03
01 01 03 01 01 01
01 03 03 01 03 01
01 01 01 01 03 34
03 00
03
00 11
00 00
00 03
02 03
04
05 07
02 00
03 00
04 04
02 03
09
05 00
04 00
04 01
04 02
04 03
03 04
02 04
01 04
00 04
00 00