10 12 01 1024
1 1 1 1 1 1 1 1 1 1 1
18 01 01 01 01 01 01 01 01 34
01 03 03 03 03 32 03 03 03 03
01 03 32 32 32 32 32 32 32 03
01 03 32 32 32 32 03 03 19 03
01 03 32 32 32 32 03 32 32 03
01 03 32 32 03 14 32 32 32 03
01 03 32 33 03 32 32 32 32 32
01 03 03 18 32 32 03 03 03 32
01 03 32 32 32 32 32 32 32 32
01 03 32 32 32 32 32 03 03 03
01 03 32 32 33 32 32 03 35 01
01 03 32 32 32 32 33 32 13 01
03 00
23
00 00
05 01
02 02
03 02
04 02
05 02
06 02
07 02
08 02
02 03
02 04
03 04
04 04
05 04
07 04
08 04
07 05
05 06
07 06
08 06
09 06
04 07
05 07
04 08
29
08 03
05 01
02 02
03 02
04 02
05 02
06 02
07 02
08 02
03 03
04 03
05 03
03 04
04 04
02 05
03 05
06 05
07 05
08 05
06 06
07 06
04 07
09 07
02 08
03 08
05 08
06 08
07 08
08 08
09 08
20
03 07
02 09
02 10
05 10
06 10
02 11
03 11
04 11
07 11
08 10
08 10
08 10
08 10
08 10
08 10
08 10
08 10
08 10
08 10
08 10
08 10