19 20 1 4
1 0 1 1 0 0 0 0 0 1 1
16 16 16 16 16 16 16 16 00 16 16 16 16 16 16 16 16 16 16
16 16 16 16 16 16 16 16 16 16 16 16 16 00 16 16 16 00 16
16 16 16 16 16 16 16 16 00 16 16 16 16 16 16 16 16 16 16
16 16 16 16 16 16 16 16 16 16 16 16 16 16 16 00 16 16 16
16 16 00 16 16 16 16 16 16 16 16 16 16 16 16 16 16 16 16
16 16 16 16 16 16 16 16 16 16 16 16 16 16 16 16 16 16 16
16 16 16 16 16 16 16 16 16 16 16 16 16 16 16 16 16 16 16
16 16 16 00 16 16 16 16 16 16 16 16 00 16 16 16 16 16 16
16 16 16 16 16 16 16 16 16 16 16 16 16 16 16 16 16 16 16
16 16 16 16 16 16 16 16 16 35 16 16 16 16 16 16 16 16 16
16 16 16 16 16 16 16 16 16 00 16 16 16 16 16 16 16 16 00
00 16 16 16 16 16 16 16 16 34 16 16 16 16 16 16 00 16 16
16 16 16 16 16 16 16 16 16 16 16 16 16 16 16 16 16 16 16
16 16 16 16 16 16 16 16 16 16 16 16 16 16 16 16 16 16 16
16 16 16 16 16 16 16 16 16 16 16 16 16 16 16 16 16 16 16
16 16 16 16 16 16 16 16 16 16 16 16 16 16 16 16 16 16 16
16 16 16 16 16 16 16 16 16 16 16 16 16 16 16 16 16 16 16
16 16 16 16 16 16 16 16 16 16 16 16 16 16 16 16 16 16 16
16 16 16 16 16 16 16 16 16 10 16 16 16 16 16 16 16 16 00
16 17 16 16 16 16 16 16 16 16 16 16 16 16 00 16 16 16 16
00 00